Abilene	8,96 0,00 76,00 206,00
Albuquerque	8,35 0,00 126,00 1369,00
Albany	12,13 0,00 34,00 97,00
Atlantic City	24,52 0,00 147,00 760,00
Kodiak	43,33 0,00 76,00 130,00
Augusta	13,15 0,00 246,00 263,00
Waterloo	78,80 2,00 223,00 394,00
Aspen	21,31 0,00 136,00 1321,00
Appleton	16,88 0,00 146,00 422,00
Scranton/Wilkes-Barre	4,70 0,00 20,00 47,00
Billings	11,70 0,00 58,00 234,00
Bellingham	4,60 0,00 20,00 23,00
Beaumont/Port Arthur	17,63 0,00 36,00 141,00
Aguadilla	10,54 0,00 109,00 137,00
Barrow	40,80 0,00 306,00 408,00
Buffalo	10,97 0,00 128,00 1295,00
Burbank	11,80 0,00 192,00 1899,00
Columbia	15,66 0,00 119,00 830,00
Akron	6,38 0,00 83,00 415,00
Cedar City	3,20 0,00 15,00 16,00
Cordova	15,20 0,00 151,00 152,00
Crescent City	34,00 0,00 138,00 204,00
Chattanooga	13,17 0,00 124,00 382,00
Charlottesville	46,32 0,00 173,00 880,00
Charleston	8,81 0,00 198,00 758,00
Cleveland	18,24 0,00 326,00 5343,00
Columbus	20,92 0,00 315,00 4164,00
Hancock/Houghton	26,83 0,00 69,00 161,00
Moab	0,00 0,00 0,00 0,00
Casper	7,71 0,00 98,00 131,00
Corpus Christi	11,76 0,00 89,00 600,00
Charleston/Dunbar	6,31 0,00 20,00 82,00
Columbus	19,88 0,00 63,00 159,00
Daytona Beach	7,15 0,00 49,00 93,00
Dubuque	16,75 0,00 83,00 134,00
Washington	12,09 0,00 396,00 7952,00
Denver	15,42 0,00 420,00 26328,00
Dallas/Fort Worth	17,75 0,00 1201,00 39857,00
Dothan	20,18 0,00 91,00 222,00
El Paso	12,49 0,00 140,00 1212,00
Evansville	15,24 0,00 101,00 442,00
Newark	16,13 0,00 557,00 12647,00
Key West	0,13 0,00 3,00 3,00
Fairbanks	3,56 0,00 38,00 57,00
Fresno	12,31 0,00 82,00 800,00
Kalispell	17,58 0,00 77,00 211,00
Fort Smith	8,16 0,00 93,00 155,00
Spokane	8,41 0,00 117,00 614,00
Grand Forks	2,25 0,00 7,00 9,00
Grand Island	9,83 0,00 38,00 59,00
Killeen	11,66 0,00 148,00 443,00
Grand Rapids	19,50 0,00 313,00 2184,00
Greer	16,85 0,00 149,00 893,00
Gunnison	39,20 0,00 154,00 196,00
Guam	13,00 4,00 22,00 26,00
Hayden	9,35 0,00 48,00 159,00
Helena	2,83 0,00 28,00 34,00
Harlingen/San Benito	7,17 0,00 53,00 208,00
Washington	12,59 0,00 256,00 4481,00
Houston	14,47 0,00 464,00 18740,00
Wichita	22,94 0,00 186,00 1652,00
Idaho Falls	21,83 0,00 103,00 393,00
Wilmington	2,50 0,00 5,00 5,00
Hilo	3,66 0,00 44,00 183,00
Jackson/Vicksburg	11,14 0,00 97,00 702,00
New York	16,30 0,00 395,00 12731,00
Kona	7,37 0,00 148,00 766,00
Lansing	12,06 0,00 47,00 193,00
Laramie	30,00 0,00 161,00 210,00
Los Angeles	11,59 0,00 462,00 19529,00
Lubbock	12,88 0,00 81,00 644,00
Latrobe	13,89 0,00 94,00 125,00
Long Beach	8,59 0,00 121,00 696,00
Lihue	9,05 0,00 195,00 833,00
Little Rock	19,01 0,00 205,00 1863,00
La Crosse	24,42 0,00 68,00 293,00
Midland/Odessa	10,37 0,00 153,00 757,00
Saginaw/Bay City/Midland	20,81 0,00 81,00 333,00
Kansas City	11,35 0,00 236,00 3769,00
Orlando	12,03 0,00 306,00 11656,00
Harrisburg	19,13 0,00 124,00 574,00
Chicago	10,27 0,00 206,00 6689,00
Memphis	13,59 0,00 188,00 1699,00
Mission/McAllen/Edinburg	23,73 0,00 142,00 878,00
Medford	10,86 0,00 84,00 228,00
Manhattan/Ft. Riley	13,14 0,00 111,00 184,00
Manchester	14,21 0,00 110,00 668,00
Milwaukee	8,73 0,00 215,00 2077,00
Muskegon	23,75 0,00 81,00 95,00
Melbourne	1,09 0,00 9,00 12,00
Mammoth Lakes	6,75 0,00 27,00 27,00
Mobile	10,29 0,00 100,00 391,00
Monterey	16,94 0,00 186,00 593,00
Missoula	1,64 0,00 7,00 18,00
Montrose/Delta	14,71 0,00 137,00 353,00
Oakland	9,99 0,00 176,00 3678,00
Kahului	8,51 0,00 272,00 1540,00
Chicago	22,30 0,00 529,00 49764,00
North Bend/Coos Bay	30,00 30,00 30,00 30,00
Kotzebue	0,00 0,00 0,00 0,00
Paducah	2,14 0,00 15,00 15,00
Newport News/Williamsburg	5,69 0,00 16,00 74,00
Philadelphia	13,82 0,00 336,00 7696,00
Peoria	27,12 0,00 217,00 895,00
Pittsburgh	12,64 0,00 368,00 2642,00
Pellston	1,25 0,00 5,00 5,00
Pago Pago	0,00 0,00 0,00 0,00
Pasco/Kennewick/Richland	27,47 0,00 115,00 412,00
Ponce	0,00 0,00 0,00 0,00
Petersburg	4,33 0,00 19,00 26,00
Palm Springs	13,25 0,00 170,00 1431,00
Pueblo	13,00 0,00 59,00 78,00
Raleigh/Durham	12,96 0,00 165,00 3550,00
Rhinelander	9,29 0,00 49,00 65,00
Richmond	10,36 0,00 175,00 1253,00
Reno	10,01 0,00 149,00 1171,00
Roanoke	12,17 0,00 109,00 146,00
Rochester	16,09 0,00 163,00 1094,00
Roswell	1,50 0,00 10,00 12,00
Santa Fe	14,44 0,00 36,00 130,00
South Bend	31,00 0,00 245,00 1209,00
San Luis Obispo	8,13 0,00 123,00 325,00
Louisville	10,77 0,00 113,00 1002,00
St. George	3,36 0,00 27,00 47,00
Shreveport	7,62 0,00 63,00 404,00
Sitka	13,22 0,00 81,00 119,00
San Angelo	6,57 0,00 35,00 92,00
Santa Ana	5,56 0,00 127,00 1629,00
Springfield	9,50 0,00 51,00 114,00
Wichita Falls	30,50 0,00 200,00 305,00
Sarasota/Bradenton	8,41 0,00 178,00 286,00
St. Cloud	25,67 0,00 76,00 77,00
St. Louis	13,37 0,00 383,00 5375,00
Charlotte Amalie	15,76 0,00 167,00 788,00
Sioux City	6,00 0,00 18,00 18,00
Newburgh/Poughkeepsie	33,86 0,00 189,00 237,00
Syracuse	17,34 0,00 110,00 607,00
Tampa	12,59 0,00 513,00 7942,00
Trenton	23,16 0,00 112,00 579,00
Tulsa	11,08 0,00 140,00 1452,00
Tucson	13,50 0,00 167,00 1836,00
Traverse City	52,53 0,00 223,00 788,00
Knoxville	18,86 0,00 239,00 1094,00
Vernal	4,83 0,00 19,00 29,00
Valparaiso	5,56 0,00 79,00 200,00
Yuma	6,00 0,00 24,00 90,00
