Allentown/Bethlehem/Easton	5,92 0,00 23,00 77,00
Aberdeen	5,20 0,00 22,00 26,00
Waco	13,88 0,00 74,00 236,00
Arcata/Eureka	11,41 0,00 96,00 194,00
Adak Island	0,00 0,00 0,00 0,00
Alexandria	5,00 0,00 55,00 125,00
Albany	15,63 0,00 241,00 922,00
Amarillo	13,42 0,00 95,00 711,00
Anchorage	10,49 0,00 375,00 1227,00
Alpena	0,00 0,00 0,00 0,00
Atlanta	10,13 0,00 653,00 29558,00
Austin	13,87 0,00 340,00 4562,00
Asheville	13,44 0,00 152,00 242,00
Kalamazoo	23,00 0,00 122,00 437,00
Hartford	15,73 0,00 293,00 2470,00
Bethel	1,29 0,00 9,00 9,00
Bakersfield	22,84 0,00 141,00 571,00
Birmingham	12,91 0,00 154,00 1356,00
Bismarck/Mandan	14,80 0,00 272,00 444,00
Bemidji	1,00 0,00 4,00 6,00
Bloomington/Normal	27,04 0,00 241,00 622,00
Nashville	12,58 0,00 391,00 4744,00
Boise	15,70 0,00 122,00 1617,00
Boston	14,42 0,00 292,00 11996,00
Brunswick	23,50 0,00 187,00 188,00
Brainerd	1,50 0,00 6,00 6,00
Brownsville	7,11 0,00 51,00 135,00
Butte	3,50 0,00 12,00 21,00
Baton Rouge	17,35 0,00 200,00 1041,00
Burlington	23,81 0,00 144,00 500,00
Baltimore	12,33 0,00 475,00 8272,00
Bozeman	24,63 0,00 214,00 591,00
Cedar Rapids/Iowa City	25,25 0,00 206,00 1616,00
Sault Ste. Marie	34,25 0,00 123,00 137,00
Carlsbad	4,20 0,00 24,00 84,00
College Station/Bryan	8,18 0,00 40,00 180,00
Charlotte	10,10 0,00 263,00 9281,00
Champaign/Urbana	28,70 0,00 129,00 574,00
Cody	4,67 0,00 25,00 28,00
Colorado Springs	27,17 0,00 224,00 1712,00
Columbia	42,73 0,00 380,00 470,00
Cincinnati	15,28 0,00 179,00 2597,00
Mosinee	27,36 0,00 150,00 301,00
Dallas	10,73 0,00 278,00 5203,00
Dayton	11,70 0,00 218,00 854,00
Dickinson	20,09 0,00 175,00 221,00
Duluth	26,54 0,00 177,00 345,00
Durango	13,33 0,00 122,00 240,00
Des Moines	18,79 0,00 167,00 1447,00
Detroit	12,18 0,00 514,00 11403,00
Devils Lake	31,75 0,00 114,00 127,00
Eau Claire	63,29 0,00 264,00 443,00
Panama City	3,27 0,00 31,00 98,00
Eagle	20,48 0,00 124,00 512,00
Elko	13,33 0,00 59,00 80,00
Elmira/Corning	17,88 0,00 64,00 286,00
Erie	11,60 0,00 70,00 116,00
Escanaba	56,00 0,00 245,00 280,00
Eugene	14,24 0,00 94,00 470,00
New Bern/Morehead/Beaufort	0,00 0,00 0,00 0,00
Fargo	15,69 0,00 127,00 769,00
Fayetteville	4,00 0,00 41,00 64,00
Flagstaff	16,79 0,00 112,00 235,00
Fort Lauderdale	10,63 0,00 269,00 7140,00
Flint	8,50 0,00 171,00 323,00
Sioux Falls	22,18 0,00 165,00 1353,00
Fort Wayne	15,67 0,00 129,00 423,00
Gillette	12,58 0,00 56,00 151,00
Garden City	3,67 0,00 22,00 22,00
Longview	29,20 0,00 92,00 146,00
Grand Junction	4,08 0,00 39,00 102,00
Gainesville	7,09 0,00 86,00 163,00
Gulfport/Biloxi	10,84 0,00 113,00 401,00
Green Bay	14,41 0,00 113,00 591,00
Greensboro/High Point	16,83 0,00 307,00 1094,00
Great Falls	15,94 0,00 89,00 255,00
Columbus	7,57 0,00 42,00 53,00
Hibbing	11,13 0,00 51,00 89,00
Honolulu	12,02 0,00 1013,00 4700,00
Hobbs	20,00 0,00 73,00 80,00
Houston	8,87 0,00 171,00 4140,00
White Plains	17,35 0,00 233,00 1145,00
Huntsville	19,77 0,00 159,00 929,00
Hays	5,60 0,00 15,00 28,00
Niagara Falls	21,33 0,00 38,00 64,00
Wilmington	7,31 0,00 95,00 95,00
Iron Mountain/Kingsfd	36,60 0,00 114,00 183,00
Indianapolis	13,28 0,00 262,00 2921,00
International Falls	5,50 0,00 33,00 33,00
Williston	19,20 0,00 89,00 480,00
Islip	14,02 0,00 240,00 589,00
Jackson	23,21 0,00 320,00 905,00
Jacksonville	10,51 0,00 142,00 1682,00
Joplin	15,17 0,00 47,00 91,00
Jamestown	45,83 0,00 104,00 275,00
Juneau	2,74 0,00 51,00 63,00
Ketchikan	6,96 0,00 43,00 181,00
Las Vegas	9,55 0,00 251,00 10854,00
Lawton/Fort Sill	11,75 0,00 45,00 141,00
Lake Charles	7,20 0,00 43,00 108,00
Lexington	14,70 0,00 136,00 691,00
Lafayette	10,78 0,00 92,00 528,00
New York	18,66 0,00 331,00 16387,00
Lincoln	14,80 0,00 123,00 296,00
Laredo	18,72 0,00 172,00 337,00
Lewiston	0,00 0,00 0,00 0,00
Meridian	29,89 0,00 246,00 269,00
Montgomery	5,93 0,00 60,00 166,00
Miami	13,11 0,00 237,00 8597,00
Moline	22,80 0,00 205,00 935,00
Monroe	23,00 0,00 161,00 598,00
Minot	10,71 0,00 61,00 150,00
Marquette	58,33 0,00 175,00 175,00
Madison	20,68 0,00 251,00 1510,00
Minneapolis	10,44 0,00 371,00 9320,00
New Orleans	9,08 0,00 199,00 3077,00
Myrtle Beach	14,13 0,00 104,00 325,00
Jacksonville/Camp Lejeune	5,55 0,00 33,00 61,00
Oklahoma City	15,65 0,00 150,00 2035,00
Omaha	10,91 0,00 140,00 1539,00
Nome	7,33 0,00 14,00 22,00
Ontario	8,49 0,00 97,00 1367,00
Norfolk	12,38 0,00 166,00 1003,00
Worcester	0,00 0,00 0,00 0,00
Plattsburgh	18,00 9,00 32,00 54,00
West Palm Beach/Palm Beach	11,86 0,00 141,00 2823,00
Portland	9,96 0,00 185,00 3844,00
Phoenix	10,69 0,00 498,00 14034,00
Hattiesburg/Laurel	2,80 0,00 14,00 14,00
Pocatello	1,43 0,00 5,00 10,00
Pensacola	10,74 0,00 176,00 537,00
Providence	12,16 0,00 95,00 1058,00
Portland	10,55 0,00 97,00 232,00
Rapid City	13,32 0,00 108,00 253,00
Redding	21,11 0,00 134,00 190,00
Bend/Redmond	23,73 0,00 131,00 356,00
Rock Springs	11,85 0,00 138,00 154,00
Rochester	23,81 0,00 179,00 381,00
Fort Myers	12,89 0,00 484,00 3726,00
San Diego	7,84 0,00 267,00 4735,00
San Antonio	15,83 0,00 391,00 3957,00
Savannah	12,11 0,00 201,00 678,00
Santa Barbara	16,87 0,00 152,00 894,00
Deadhorse	2,36 0,00 12,00 26,00
State College	9,86 0,00 33,00 69,00
Seattle	11,94 0,00 531,00 10496,00
San Francisco	15,54 0,00 556,00 18884,00
Springfield	20,71 0,00 223,00 1201,00
San Jose	10,70 0,00 206,00 3510,00
San Juan	13,36 0,00 209,00 2952,00
Salt Lake City	8,08 0,00 475,00 7015,00
Sacramento	10,75 0,00 135,00 3236,00
Santa Maria	4,40 0,00 22,00 22,00
Christiansted	1,78 0,00 12,00 16,00
Sun Valley/Hailey/Ketchum	9,80 0,00 33,00 98,00
Tallahassee	5,31 0,00 55,00 170,00
Toledo	12,56 0,00 40,00 113,00
Bristol/Johnson City/Kingsport	9,06 0,00 78,00 145,00
Twin Falls	12,00 1,00 32,00 72,00
Texarkana	1,71 0,00 12,00 12,00
Tyler	25,10 0,00 149,00 502,00
St. Augustine	0,00 0,00 0,00 0,00
Valdosta	8,75 0,00 50,00 70,00
Wrangell	10,33 0,00 31,00 31,00
Fayetteville	16,22 0,00 119,00 1184,00
Yakutat	7,11 0,00 41,00 64,00
